$ANSIBLE_VAULT;1.1;AES256
39626630663265383538326162343266663539383362353462313635613662653433616339343832
3337303363343233626531336664346561663064636362330a643430653533626666643066306539
37373038303433343332636137623136386137623764356465623039366566633539626135656463
6562626538383438360a656466613162643961623634623062383064356630613230323364306133
34323065616666663135636331633933666437643031323365383731333530363264383030383335
66653837343831626265313630656234613564323262613964366666363263613237343433376462
38366162336431356138663937383939653763663234623138376232333463626533616630396339
30643065653063316461306635616339383161356138323632353331663531383337633630363833
65626664356438646664663633356662346234356237366134383463636534613032323762356431
35353837376330663162336463623939646139653639613663656666376337323365333664396639
35376630313331356562346261643036376434303035646534326131623630613965323532616135
65313432343535346438626136313537636564653962616361633463316166623539346436376236
32623065303566353735353337643337393736633237393732323234626462616135343462386335
37373762663362323132323436633630623635353565663666353836356362303762613539343535
32653663613062616433663264643539316437636133316633653064363632643835613231313533
32366636623339363038366364326539303364313234623563353964616539323861653330363462
61623162326262663539653033653537623862393163656339653933656364663231366565376339
61666538366164373335356237303665303033383063643564363835393830333039646466303939
61376131383562333632663330306365376663616233666164393635346366326563646136333564
64663164373133633362333430666562363131393034316232373038616135653035356463623736
33306439343237646361303465353734303564633763316262616562323065386337656633373338
30343261663937303034366465643839643437326463303663363662316430346565303833626232
34646536636339636162643534626531383634656638303235303363323530363535323236373564
32353964643465643639333666656532663830633636343532633331393638343735663261356563
3339
